0 0.703125 0.4427083333333333 0.14583333333333334 0.15104166666666666
0 0.3020833333333333 0.20052083333333334 0.140625 0.15104166666666666
0 0.875 0.22395833333333334 0.125 0.12760416666666666
0 0.6901041666666666 0.6614583333333334 0.16927083333333334 0.18229166666666666
0 0.5234375 0.5729166666666666 0.18229166666666666 0.19270833333333334
0 0.6171875 0.703125 0.14322916666666666 0.15104166666666666
0 0.3177083333333333 0.671875 0.18489583333333334 0.19791666666666666
0 0.5364583333333334 0.8619791666666666 0.16145833333333334 0.17708333333333334
0 0.65625 0.1015625 0.1484375 0.15885416666666666
0 0.3229166666666667 0.9557291666666666 0.09895833333333333 0.08333333333333333
0 0.6953125 0.17708333333333334 0.11979166666666667 0.13541666666666666
0 0.7239583333333334 0.3541666666666667 0.19010416666666666 0.203125