0 0.546875 0.2578125 0.109375 0.1171875
0 0.4166666666666667 0.4322916666666667 0.1171875 0.12760416666666666
0 0.6796875 0.22916666666666666 0.11979166666666667 0.12760416666666666
0 0.484375 0.40625 0.08072916666666667 0.08333333333333333
0 0.5572916666666666 0.3932291666666667 0.0859375 0.09114583333333333
0 0.6692708333333334 0.3177083333333333 0.10677083333333333 0.11197916666666667
0 0.7552083333333334 0.3177083333333333 0.10416666666666667 0.11197916666666667
0 0.4609375 0.8828125 0.10416666666666667 0.11197916666666667
0 0.7317708333333334 0.765625 0.1171875 0.12239583333333333
0 0.5859375 0.90625 0.1171875 0.125
0 0.7005208333333334 0.9010416666666666 0.07552083333333333 0.07552083333333333
0 0.3645833333333333 0.09114583333333333 0.07291666666666667 0.08072916666666667
0 0.7734375 0.890625 0.0703125 0.06770833333333333