0 0.6796875 0.22135416666666666 0.10677083333333333 0.14322916666666666
0 0.3072916666666667 0.09114583333333333 0.09635416666666667 0.11458333333333333
0 0.06510416666666667 0.7109375 0.0546875 0.078125
0 0.2630208333333333 0.6536458333333334 0.11979166666666667 0.15364583333333334
0 0.3255208333333333 0.7786458333333334 0.10416666666666667 0.12239583333333333
0 0.4921875 0.8203125 0.078125 0.09114583333333333
0 0.6302083333333334 0.0234375 0.07291666666666667 0.044270833333333336
0 0.3359375 0.9739583333333334 0.07552083333333333 0.046875
0 0.7630208333333334 0.8541666666666666 0.08333333333333333 0.09375
0 0.875 0.8255208333333334 0.0859375 0.1015625
0 0.3229166666666667 0.1875 0.06770833333333333 0.08072916666666667
0 0.7005208333333334 0.059895833333333336 0.10416666666666667 0.11979166666666667
0 0.2708333333333333 0.21875 0.11458333333333333 0.14583333333333334
0 0.5911458333333334 0.11979166666666667 0.10416666666666667 0.13541666666666666