0 0.3177083333333333 0.3880208333333333 0.16145833333333334 0.17708333333333334
0 0.5911458333333334 0.2682291666666667 0.1171875 0.13020833333333334
0 0.4322916666666667 0.375 0.14583333333333334 0.1640625
0 0.4088541666666667 0.5130208333333334 0.10416666666666667 0.12239583333333333
0 0.484375 0.5364583333333334 0.15104166666666666 0.17447916666666666
0 0.5520833333333334 0.5442708333333334 0.13020833333333334 0.15364583333333334
0 0.421875 0.6796875 0.14583333333333334 0.1640625
0 0.3255208333333333 0.8958333333333334 0.0859375 0.09895833333333333
0 0.6145833333333334 0.7161458333333334 0.13802083333333334 0.15364583333333334
0 0.3411458333333333 0.9609375 0.125 0.07291666666666667
0 0.1015625 0.3776041666666667 0.15625 0.17708333333333334