0 0.057291666666666664 0.640625 0.08854166666666667 0.09114583333333333
0 0.24479166666666666 0.5208333333333334 0.08333333333333333 0.0859375
0 0.13020833333333334 0.7265625 0.08072916666666667 0.0859375
0 0.5703125 0.4635416666666667 0.09114583333333333 0.09635416666666667
0 0.625 0.4583333333333333 0.09114583333333333 0.09635416666666667
0 0.7239583333333334 0.5078125 0.11197916666666667 0.11979166666666667
0 0.3385416666666667 0.8567708333333334 0.08854166666666667 0.09375
0 0.6640625 0.6067708333333334 0.11458333333333333 0.12239583333333333
0 0.6536458333333334 0.7395833333333334 0.07291666666666667 0.07291666666666667
0 0.5208333333333334 0.8541666666666666 0.10416666666666667 0.109375
0 0.5572916666666666 0.8463541666666666 0.09895833333333333 0.10416666666666667
0 0.4348958333333333 0.9817708333333334 0.10416666666666667 0.03125
0 0.08854166666666667 0.3385416666666667 0.09895833333333333 0.10677083333333333
0 0.03125 0.5807291666666666 0.0625 0.11458333333333333