0 0.4583333333333333 0.2916666666666667 0.1328125 0.14583333333333334
0 0.8567708333333334 0.5416666666666666 0.12239583333333333 0.15104166666666666
0 0.578125 0.052083333333333336 0.1171875 0.10416666666666667
0 0.2708333333333333 0.4036458333333333 0.14583333333333334 0.18229166666666666
0 0.4244791666666667 0.5130208333333334 0.15885416666666666 0.1953125
0 0.265625 0.4869791666666667 0.12760416666666666 0.15104166666666666
0 0.4296875 0.7395833333333334 0.16145833333333334 0.20052083333333334
0 0.16145833333333334 0.6328125 0.13802083333333334 0.18229166666666666
0 0.7838541666666666 0.1796875 0.13020833333333334 0.16145833333333334
0 0.171875 0.8671875 0.09895833333333333 0.08072916666666667
0 0.6979166666666666 0.1796875 0.09895833333333333 0.14322916666666666
0 0.5286458333333334 0.234375 0.16666666666666666 0.20572916666666666