0 0.17708333333333334 0.6223958333333334 0.12760416666666666 0.13020833333333334
0 0.3697916666666667 0.4713541666666667 0.14583333333333334 0.15104166666666666
0 0.23177083333333334 0.8177083333333334 0.08854166666666667 0.09114583333333333
0 0.265625 0.9166666666666666 0.13802083333333334 0.140625
0 0.4114583333333333 0.7916666666666666 0.08854166666666667 0.09114583333333333
0 0.8567708333333334 0.5208333333333334 0.22135416666666666 0.22916666666666666
0 0.8385416666666666 0.5755208333333334 0.20572916666666666 0.21354166666666666
0 0.9791666666666666 0.5182291666666666 0.036458333333333336 0.09635416666666667
0 0.06510416666666667 0.4270833333333333 0.12760416666666666 0.1328125
0 0.16927083333333334 0.3385416666666667 0.21614583333333334 0.22135416666666666
0 0.3020833333333333 0.22135416666666666 0.109375 0.11197916666666667