0 0.109375 0.4088541666666667 0.0625 0.08854166666666667
0 0.625 0.3333333333333333 0.06770833333333333 0.09635416666666667
0 0.6223958333333334 0.3880208333333333 0.059895833333333336 0.06510416666666667
0 0.16666666666666666 0.5208333333333334 0.052083333333333336 0.059895833333333336
0 0.2786458333333333 0.09114583333333333 0.057291666666666664 0.08854166666666667
0 0.4348958333333333 0.052083333333333336 0.07552083333333333 0.10416666666666667
0 0.3854166666666667 0.5390625 0.046875 0.08072916666666667
0 0.5703125 0.4895833333333333 0.06770833333333333 0.09635416666666667
0 0.4765625 0.5625 0.044270833333333336 0.07291666666666667
0 0.1484375 0.7135416666666666 0.044270833333333336 0.059895833333333336
0 0.4791666666666667 0.7083333333333334 0.08333333333333333 0.125
0 0.07291666666666667 0.17708333333333334 0.041666666666666664 0.052083333333333336
0 0.9817708333333334 0.7057291666666666 0.03125 0.09375
0 0.8177083333333334 0.8333333333333334 0.07291666666666667 0.08333333333333333
0 0.6927083333333334 0.921875 0.057291666666666664 0.08072916666666667
0 0.5677083333333334 0.9635416666666666 0.06510416666666667 0.07291666666666667
0 0.609375 0.0703125 0.057291666666666664 0.0859375
0 0.4947916666666667 0.15364583333333334 0.06770833333333333 0.09375
0 0.6119791666666666 0.1484375 0.049479166666666664 0.06510416666666667
0 0.4036458333333333 0.2109375 0.0625 0.08854166666666667
0 0.08854166666666667 0.3072916666666667 0.046875 0.06770833333333333