0 0.109375 0.4114583333333333 0.08072916666666667 0.09895833333333333
0 0.5416666666666666 0.3333333333333333 0.09114583333333333 0.1171875
0 0.5651041666666666 0.4791666666666667 0.046875 0.09114583333333333
0 0.3697916666666667 0.6197916666666666 0.09635416666666667 0.09635416666666667
0 0.23958333333333334 0.6796875 0.059895833333333336 0.10416666666666667
0 0.9609375 0.5234375 0.07552083333333333 0.09635416666666667
0 0.71875 0.59375 0.12239583333333333 0.15364583333333334
0 0.8125 0.6041666666666666 0.07291666666666667 0.10416666666666667
0 0.19010416666666666 0.140625 0.13541666666666666 0.16927083333333334
0 0.12239583333333333 0.859375 0.11197916666666667 0.14322916666666666
0 0.9453125 0.7838541666666666 0.10416666666666667 0.15625
0 0.4583333333333333 0.9739583333333334 0.08333333333333333 0.049479166666666664
0 0.10416666666666667 0.2734375 0.11197916666666667 0.13541666666666666
0 0.8411458333333334 0.10677083333333333 0.11458333333333333 0.13802083333333334