0 0.5625 0.2526041666666667 0.052083333333333336 0.06510416666666667
0 0.15885416666666666 0.484375 0.07552083333333333 0.09114583333333333
0 0.2916666666666667 0.5416666666666666 0.07291666666666667 0.08333333333333333
0 0.7161458333333334 0.4375 0.057291666666666664 0.07291666666666667
0 0.9583333333333334 0.375 0.057291666666666664 0.08072916666666667
0 0.7786458333333334 0.4348958333333333 0.07291666666666667 0.08854166666666667
0 0.7473958333333334 0.453125 0.046875 0.059895833333333336
0 0.6614583333333334 0.5052083333333334 0.059895833333333336 0.08072916666666667
0 0.7708333333333334 0.5052083333333334 0.052083333333333336 0.06770833333333333
0 0.5625 0.6145833333333334 0.06770833333333333 0.078125
0 0.734375 0.6067708333333334 0.07291666666666667 0.09635416666666667
0 0.5729166666666666 0.8177083333333334 0.07291666666666667 0.09375
0 0.84375 0.052083333333333336 0.057291666666666664 0.078125
0 0.4635416666666667 0.2109375 0.0625 0.08072916666666667
0 0.4453125 0.2630208333333333 0.057291666666666664 0.078125