0 0.7421875 0.2526041666666667 0.11197916666666667 0.1328125
0 0.5260416666666666 0.3697916666666667 0.11979166666666667 0.15625
0 0.8984375 0.3828125 0.08072916666666667 0.08854166666666667
0 0.9583333333333334 0.4583333333333333 0.08072916666666667 0.14322916666666666
0 0.8020833333333334 0.5390625 0.07552083333333333 0.09635416666666667
0 0.3723958333333333 0.8359375 0.1875 0.23177083333333334
0 0.020833333333333332 0.2760416666666667 0.041666666666666664 0.17708333333333334
0 0.4322916666666667 0.8411458333333334 0.16666666666666666 0.22395833333333334
0 0.3098958333333333 0.9609375 0.078125 0.07552083333333333
0 0.609375 0.0703125 0.11458333333333333 0.12760416666666666
0 0.4869791666666667 0.1328125 0.18229166666666666 0.22395833333333334
0 0.3255208333333333 0.20572916666666666 0.09375 0.11458333333333333