0 0.4401041666666667 0.17447916666666666 0.13541666666666666 0.13802083333333334
0 0.8307291666666666 0.19270833333333334 0.11458333333333333 0.1171875
0 0.8255208333333334 0.859375 0.07291666666666667 0.07291666666666667
0 0.6614583333333334 0.7317708333333334 0.1484375 0.15104166666666666
0 0.5572916666666666 0.8229166666666666 0.12239583333333333 0.12239583333333333
0 0.3880208333333333 0.8020833333333334 0.09114583333333333 0.09375
0 0.5651041666666666 0.018229166666666668 0.08333333333333333 0.033854166666666664
0 0.4661458333333333 0.9869791666666666 0.09375 0.020833333333333332
0 0.12239583333333333 0.7291666666666666 0.09635416666666667 0.09635416666666667
0 0.041666666666666664 0.6614583333333334 0.08333333333333333 0.10416666666666667
0 0.78125 0.2760416666666667 0.08072916666666667 0.08333333333333333
0 0.4817708333333333 0.0390625 0.12760416666666666 0.07552083333333333
0 0.8177083333333334 0.3255208333333333 0.14322916666666666 0.14583333333333334
0 0.5572916666666666 0.11458333333333333 0.13020833333333334 0.1328125