0 0.5807291666666666 0.3828125 0.10416666666666667 0.171875
0 0.7994791666666666 0.4557291666666667 0.14322916666666666 0.1953125
0 0.5078125 0.3776041666666667 0.109375 0.13541666666666666
0 0.3020833333333333 0.3385416666666667 0.08072916666666667 0.12760416666666666
0 0.9270833333333334 0.5234375 0.09114583333333333 0.15364583333333334
0 0.8489583333333334 0.5520833333333334 0.13541666666666666 0.21875
0 0.6953125 0.0859375 0.09114583333333333 0.11197916666666667
0 0.4166666666666667 0.453125 0.10416666666666667 0.15364583333333334
0 0.20833333333333334 0.4401041666666667 0.06510416666666667 0.109375
0 0.11197916666666667 0.4583333333333333 0.13020833333333334 0.20052083333333334
0 0.8125 0.7578125 0.12239583333333333 0.17447916666666666
0 0.5364583333333334 0.6875 0.140625 0.19791666666666666
0 0.041666666666666664 0.59375 0.08072916666666667 0.15885416666666666
0 0.09895833333333333 0.6223958333333334 0.09635416666666667 0.11979166666666667
0 0.296875 0.6979166666666666 0.11458333333333333 0.15625
0 0.7760416666666666 0.8489583333333334 0.08333333333333333 0.09895833333333333
0 0.3229166666666667 0.8333333333333334 0.11197916666666667 0.15104166666666666
0 0.5729166666666666 0.11197916666666667 0.1171875 0.18489583333333334