0 0.1953125 0.4375 0.08333333333333333 0.109375
0 0.4114583333333333 0.4947916666666667 0.078125 0.11458333333333333
0 0.578125 0.4791666666666667 0.09635416666666667 0.13020833333333334
0 0.8020833333333334 0.013020833333333334 0.07291666666666667 0.026041666666666668
0 0.8151041666666666 0.5677083333333334 0.0859375 0.12239583333333333
0 0.7578125 0.6380208333333334 0.09635416666666667 0.11979166666666667
0 0.53125 0.765625 0.09114583333333333 0.12760416666666666
0 0.2682291666666667 0.8828125 0.059895833333333336 0.08854166666666667
0 0.2708333333333333 0.9270833333333334 0.06770833333333333 0.09375
0 0.2421875 0.9765625 0.059895833333333336 0.044270833333333336
0 0.5963541666666666 0.9583333333333334 0.06770833333333333 0.0703125
0 0.7760416666666666 0.044270833333333336 0.08333333333333333 0.08854166666666667