0 0.5755208333333334 0.359375 0.036458333333333336 0.06510416666666667
0 0.4479166666666667 0.6041666666666666 0.052083333333333336 0.09635416666666667
0 0.19270833333333334 0.6119791666666666 0.052083333333333336 0.08854166666666667
0 0.6744791666666666 0.6171875 0.036458333333333336 0.06770833333333333
0 0.6067708333333334 0.6458333333333334 0.036458333333333336 0.059895833333333336
0 0.16145833333333334 0.6588541666666666 0.044270833333333336 0.07552083333333333
0 0.4973958333333333 0.7057291666666666 0.049479166666666664 0.07291666666666667
0 0.625 0.7630208333333334 0.026041666666666668 0.044270833333333336
0 0.4427083333333333 0.7994791666666666 0.028645833333333332 0.052083333333333336
0 0.6744791666666666 0.8463541666666666 0.0390625 0.08333333333333333
0 0.4479166666666667 0.8541666666666666 0.044270833333333336 0.07291666666666667
0 0.6197916666666666 0.9791666666666666 0.041666666666666664 0.036458333333333336