0 0.4635416666666667 0.24739583333333334 0.0546875 0.06770833333333333
0 0.8411458333333334 0.5208333333333334 0.08072916666666667 0.09375
0 0.703125 0.5625 0.07552083333333333 0.0859375
0 0.2916666666666667 0.4140625 0.0625 0.07552083333333333
0 0.057291666666666664 0.3255208333333333 0.06510416666666667 0.08072916666666667
0 0.22916666666666666 0.40625 0.078125 0.09114583333333333
0 0.2578125 0.4270833333333333 0.049479166666666664 0.059895833333333336
0 0.3411458333333333 0.4895833333333333 0.06510416666666667 0.08333333333333333
0 0.22916666666666666 0.4765625 0.057291666666666664 0.06770833333333333
0 0.4270833333333333 0.6067708333333334 0.07291666666666667 0.08072916666666667
0 0.2578125 0.5807291666666666 0.078125 0.09635416666666667
0 0.3958333333333333 0.8072916666666666 0.078125 0.09635416666666667
0 0.20572916666666666 0.028645833333333332 0.06510416666666667 0.057291666666666664
0 0.5651041666666666 0.21614583333333334 0.06770833333333333 0.08333333333333333
0 0.578125 0.2708333333333333 0.0625 0.078125