0 0.20833333333333334 0.3411458333333333 0.08333333333333333 0.13541666666666666
0 0.46875 0.052083333333333336 0.08072916666666667 0.10416666666666667
0 0.9791666666666666 0.4739583333333333 0.036458333333333336 0.07552083333333333
0 0.7838541666666666 0.5208333333333334 0.09635416666666667 0.14583333333333334
0 0.7864583333333334 0.6614583333333334 0.08333333333333333 0.11197916666666667
0 0.6640625 0.7760416666666666 0.06510416666666667 0.08333333333333333
0 0.14583333333333334 0.13020833333333334 0.059895833333333336 0.07291666666666667
0 0.11458333333333333 0.8932291666666666 0.057291666666666664 0.08854166666666667
0 0.8854166666666666 0.8567708333333334 0.059895833333333336 0.0859375
0 0.4427083333333333 0.9375 0.0703125 0.0859375
0 0.3307291666666667 0.9583333333333334 0.07291666666666667 0.08072916666666667
0 0.5026041666666666 0.14322916666666666 0.057291666666666664 0.07552083333333333
0 0.109375 0.20572916666666666 0.078125 0.12760416666666666
0 0.5625 0.14322916666666666 0.09114583333333333 0.13802083333333334
0 0.23697916666666666 0.21354166666666666 0.08072916666666667 0.12760416666666666