0 0.2708333333333333 0.3072916666666667 0.041666666666666664 0.0703125
0 0.6588541666666666 0.3802083333333333 0.036458333333333336 0.06510416666666667
0 0.6145833333333334 0.4296875 0.041666666666666664 0.07291666666666667
0 0.7838541666666666 0.4322916666666667 0.041666666666666664 0.0703125
0 0.2916666666666667 0.4505208333333333 0.049479166666666664 0.09114583333333333
0 0.5989583333333334 0.46875 0.049479166666666664 0.09114583333333333
0 0.8385416666666666 0.4713541666666667 0.041666666666666664 0.06510416666666667
0 0.8385416666666666 0.5520833333333334 0.046875 0.07552083333333333
0 0.5572916666666666 0.6875 0.041666666666666664 0.07552083333333333
0 0.24739583333333334 0.7421875 0.041666666666666664 0.08072916666666667
0 0.6484375 0.07552083333333333 0.044270833333333336 0.08333333333333333
0 0.3958333333333333 0.07552083333333333 0.041666666666666664 0.052083333333333336
0 0.5338541666666666 0.14583333333333334 0.036458333333333336 0.049479166666666664
0 0.7109375 0.20572916666666666 0.0390625 0.049479166666666664
0 0.8229166666666666 0.2578125 0.0390625 0.06770833333333333