0 0.4296875 0.2994791666666667 0.12239583333333333 0.140625
0 0.859375 0.4895833333333333 0.109375 0.15104166666666666
0 0.5104166666666666 0.046875 0.10677083333333333 0.09375
0 0.2604166666666667 0.4375 0.13020833333333334 0.1796875
0 0.4270833333333333 0.5234375 0.140625 0.19270833333333334
0 0.265625 0.5208333333333334 0.11458333333333333 0.1484375
0 0.4635416666666667 0.7473958333333334 0.14322916666666666 0.19791666666666666
0 0.18229166666666666 0.6796875 0.12239583333333333 0.18229166666666666
0 0.7369791666666666 0.14583333333333334 0.11458333333333333 0.15885416666666666
0 0.22395833333333334 0.9088541666666666 0.09635416666666667 0.07291666666666667
0 0.6510416666666666 0.15364583333333334 0.0859375 0.14322916666666666
0 0.4921875 0.23177083333333334 0.1484375 0.20052083333333334