0 0.21354166666666666 0.19010416666666666 0.12760416666666666 0.13802083333333334
0 0.6067708333333334 0.4817708333333333 0.15625 0.17447916666666666
0 0.4973958333333333 0.020833333333333332 0.140625 0.041666666666666664
0 0.0625 0.3697916666666667 0.1015625 0.11197916666666667
0 0.036458333333333336 0.3411458333333333 0.0703125 0.125
0 0.3567708333333333 0.5729166666666666 0.16666666666666666 0.18489583333333334
0 0.4921875 0.6770833333333334 0.1484375 0.1640625
0 0.5989583333333334 0.8020833333333334 0.13802083333333334 0.15885416666666666
0 0.3020833333333333 0.6796875 0.15104166666666666 0.1640625
0 0.3697916666666667 0.7942708333333334 0.16666666666666666 0.18489583333333334
0 0.1953125 0.7213541666666666 0.14583333333333334 0.15885416666666666
0 0.6041666666666666 0.171875 0.08333333333333333 0.08854166666666667
0 0.3151041666666667 0.0390625 0.15104166666666666 0.078125
0 0.890625 0.4166666666666667 0.15104166666666666 0.16927083333333334
0 0.5807291666666666 0.2760416666666667 0.13020833333333334 0.14322916666666666