0 0.4583333333333333 0.24739583333333334 0.0546875 0.06770833333333333
0 0.8411458333333334 0.515625 0.08072916666666667 0.09375
0 0.7057291666666666 0.5598958333333334 0.07552083333333333 0.0859375
0 0.2916666666666667 0.4192708333333333 0.059895833333333336 0.07552083333333333
0 0.0546875 0.3333333333333333 0.0625 0.08072916666666667
0 0.22916666666666666 0.4114583333333333 0.07552083333333333 0.09114583333333333
0 0.2578125 0.4322916666666667 0.049479166666666664 0.059895833333333336
0 0.3411458333333333 0.4921875 0.06510416666666667 0.08333333333333333
0 0.22916666666666666 0.4791666666666667 0.057291666666666664 0.06770833333333333
0 0.4270833333333333 0.609375 0.0703125 0.08072916666666667
0 0.2578125 0.5859375 0.07552083333333333 0.09635416666666667
0 0.4010416666666667 0.8098958333333334 0.07552083333333333 0.09635416666666667
0 0.19791666666666666 0.03125 0.0625 0.0625
0 0.5598958333333334 0.21354166666666666 0.06770833333333333 0.08333333333333333
0 0.5729166666666666 0.2708333333333333 0.059895833333333336 0.078125