0 0.2552083333333333 0.515625 0.11197916666666667 0.11458333333333333
0 0.4427083333333333 0.4088541666666667 0.12239583333333333 0.12239583333333333
0 0.2109375 0.6458333333333334 0.12239583333333333 0.12239583333333333
0 0.4088541666666667 0.4713541666666667 0.08333333333333333 0.08333333333333333
0 0.3880208333333333 0.5416666666666666 0.08854166666666667 0.09114583333333333
0 0.2994791666666667 0.6458333333333334 0.109375 0.109375
0 0.2864583333333333 0.7291666666666666 0.10677083333333333 0.109375
0 0.8828125 0.5078125 0.109375 0.109375
0 0.734375 0.7630208333333334 0.11979166666666667 0.12239583333333333
0 0.8932291666666666 0.6354166666666666 0.11979166666666667 0.12239583333333333
0 0.8723958333333334 0.7473958333333334 0.07552083333333333 0.07552083333333333
0 0.109375 0.3151041666666667 0.07552083333333333 0.078125
0 0.8541666666666666 0.8177083333333334 0.0703125 0.0703125