0 0.7135416666666666 0.3776041666666667 0.059895833333333336 0.08072916666666667
0 0.984375 0.484375 0.028645833333333332 0.08072916666666667
0 0.7916666666666666 0.53125 0.0546875 0.07291666666666667
0 0.4817708333333333 0.5182291666666666 0.0546875 0.07552083333333333
0 0.6328125 0.6614583333333334 0.057291666666666664 0.07552083333333333
0 0.5677083333333334 0.6614583333333334 0.057291666666666664 0.06770833333333333
0 0.4817708333333333 0.7526041666666666 0.057291666666666664 0.06770833333333333
0 0.7786458333333334 0.828125 0.06770833333333333 0.09895833333333333
0 0.3072916666666667 0.03125 0.0546875 0.0625
0 0.7734375 0.9895833333333334 0.06510416666666667 0.018229166666666668
0 0.6302083333333334 0.15364583333333334 0.044270833333333336 0.08072916666666667
0 0.4791666666666667 0.15104166666666666 0.0546875 0.07291666666666667
0 0.5729166666666666 0.19010416666666666 0.059895833333333336 0.07291666666666667
0 0.890625 0.3229166666666667 0.0625 0.08854166666666667
0 0.3932291666666667 0.010416666666666666 0.0625 0.020833333333333332