0 0.9036458333333334 0.010416666666666666 0.0625 0.020833333333333332
0 0.8932291666666666 0.3463541666666667 0.08854166666666667 0.125
0 0.4114583333333333 0.4375 0.10677083333333333 0.16145833333333334
0 0.7317708333333334 0.044270833333333336 0.09895833333333333 0.08854166666666667
0 0.9479166666666666 0.5755208333333334 0.06770833333333333 0.10416666666666667
0 0.9869791666666666 0.5703125 0.020833333333333332 0.13541666666666666
0 0.5963541666666666 0.6276041666666666 0.11197916666666667 0.17447916666666666
0 0.4296875 0.6640625 0.1015625 0.15104166666666666
0 0.2786458333333333 0.7291666666666666 0.08854166666666667 0.15364583333333334
0 0.5989583333333334 0.7473958333333334 0.109375 0.14583333333333334
0 0.4869791666666667 0.8203125 0.11197916666666667 0.17447916666666666
0 0.6770833333333334 0.8307291666666666 0.1015625 0.14322916666666666
0 0.11458333333333333 0.9791666666666666 0.10677083333333333 0.036458333333333336
0 0.5520833333333334 0.16145833333333334 0.057291666666666664 0.08072916666666667
0 0.8880208333333334 0.12760416666666666 0.10416666666666667 0.15104166666666666
0 0.18489583333333334 0.2552083333333333 0.10416666666666667 0.15885416666666666
0 0.5234375 0.2630208333333333 0.09114583333333333 0.13020833333333334