0 0.15885416666666666 0.1875 0.078125 0.08854166666666667
0 0.3541666666666667 0.2916666666666667 0.07291666666666667 0.08333333333333333
0 0.11979166666666667 0.2916666666666667 0.06770833333333333 0.0859375
0 0.5677083333333334 0.5416666666666666 0.078125 0.09635416666666667
0 0.5989583333333334 0.5885416666666666 0.078125 0.09635416666666667
0 0.6041666666666666 0.6979166666666666 0.09375 0.11979166666666667
0 0.11197916666666667 0.5390625 0.07291666666666667 0.09114583333333333
0 0.4895833333333333 0.6953125 0.09114583333333333 0.12239583333333333
0 0.3697916666666667 0.7552083333333334 0.06510416666666667 0.06770833333333333
0 0.203125 0.6953125 0.0859375 0.10677083333333333
0 0.22916666666666666 0.7239583333333334 0.08072916666666667 0.10677083333333333
0 0.03125 0.7057291666666666 0.059895833333333336 0.10677083333333333
0 0.4348958333333333 0.06510416666666667 0.08333333333333333 0.10677083333333333
0 0.18489583333333334 0.11458333333333333 0.08854166666666667 0.11458333333333333