0 0.4869791666666667 0.359375 0.12760416666666666 0.17447916666666666
0 0.7005208333333334 0.2734375 0.1640625 0.20052083333333334
0 0.4270833333333333 0.4010416666666667 0.125 0.140625
0 0.24479166666666666 0.5026041666666666 0.09635416666666667 0.12760416666666666
0 0.84375 0.2421875 0.11197916666666667 0.15364583333333334
0 0.8020833333333334 0.3151041666666667 0.16145833333333334 0.22135416666666666
0 0.3828125 0.057291666666666664 0.10416666666666667 0.11458333333333333
0 0.40625 0.5182291666666666 0.12239583333333333 0.15885416666666666
0 0.23697916666666666 0.6432291666666666 0.08072916666666667 0.109375
0 0.17708333333333334 0.7161458333333334 0.15625 0.20572916666666666
0 0.90625 0.4947916666666667 0.14322916666666666 0.1796875
0 0.6510416666666666 0.6197916666666666 0.1640625 0.203125
0 0.1953125 0.875 0.12760416666666666 0.15885416666666666
0 0.2708333333333333 0.8541666666666666 0.109375 0.12239583333333333
0 0.4739583333333333 0.7838541666666666 0.13541666666666666 0.16145833333333334
0 0.9348958333333334 0.5885416666666666 0.09375 0.10416666666666667
0 0.578125 0.8671875 0.12760416666666666 0.15364583333333334
0 0.3046875 0.15625 0.140625 0.1875