0 0.9192708333333334 0.46875 0.09114583333333333 0.12760416666666666
0 0.4322916666666667 0.4140625 0.109375 0.16145833333333334
0 0.8619791666666666 0.11197916666666667 0.1015625 0.13020833333333334
0 0.9088541666666666 0.703125 0.0703125 0.10416666666666667
0 0.9583333333333334 0.7109375 0.046875 0.13541666666666666
0 0.5546875 0.6510416666666666 0.11458333333333333 0.17708333333333334
0 0.3854166666666667 0.6354166666666666 0.10416666666666667 0.15364583333333334
0 0.22135416666666666 0.6536458333333334 0.08854166666666667 0.15625
0 0.5208333333333334 0.765625 0.11197916666666667 0.1484375
0 0.3958333333333333 0.8020833333333334 0.11458333333333333 0.17708333333333334
0 0.5729166666666666 0.8697916666666666 0.10416666666666667 0.14583333333333334
0 0.018229166666666668 0.8776041666666666 0.036458333333333336 0.1015625
0 0.6484375 0.19010416666666666 0.059895833333333336 0.08072916666666667
0 0.9635416666666666 0.2578125 0.07291666666666667 0.15104166666666666
0 0.2708333333333333 0.171875 0.10677083333333333 0.15885416666666666
0 0.9765625 0.09635416666666667 0.041666666666666664 0.057291666666666664
0 0.5911458333333334 0.28125 0.09635416666666667 0.1328125