0 0.4505208333333333 0.3671875 0.06510416666666667 0.16145833333333334
0 0.22135416666666666 0.3802083333333333 0.09895833333333333 0.17447916666666666
0 0.5234375 0.3802083333333333 0.08333333333333333 0.11458333333333333
0 0.7317708333333334 0.3958333333333333 0.052083333333333336 0.11458333333333333
0 0.08072916666666667 0.4114583333333333 0.0546875 0.14322916666666666
0 0.1484375 0.4583333333333333 0.08333333333333333 0.203125
0 0.4192708333333333 0.049479166666666664 0.06770833333333333 0.09635416666666667
0 0.5911458333333334 0.4765625 0.06770833333333333 0.140625
0 0.796875 0.5182291666666666 0.0390625 0.10416666666666667
0 0.8854166666666666 0.5598958333333334 0.0859375 0.18489583333333334
0 0.13020833333333334 0.6666666666666666 0.08333333333333333 0.15885416666666666
0 0.4140625 0.671875 0.09895833333333333 0.17708333333333334
0 0.9348958333333334 0.7135416666666666 0.07552083333333333 0.140625
0 0.8567708333333334 0.7239583333333334 0.07291666666666667 0.10416666666666667
0 0.6458333333333334 0.7447916666666666 0.08333333333333333 0.13802083333333334
0 0.14322916666666666 0.765625 0.06510416666666667 0.0859375
0 0.5859375 0.8671875 0.08072916666666667 0.13541666666666666
0 0.53125 0.10416666666666667 0.07552083333333333 0.171875