0 0.7057291666666666 0.3645833333333333 0.057291666666666664 0.078125
0 0.984375 0.4479166666666667 0.028645833333333332 0.078125
0 0.7916666666666666 0.5104166666666666 0.052083333333333336 0.07291666666666667
0 0.4817708333333333 0.5182291666666666 0.049479166666666664 0.07552083333333333
0 0.6458333333333334 0.6510416666666666 0.052083333333333336 0.07552083333333333
0 0.5807291666666666 0.65625 0.052083333333333336 0.06510416666666667
0 0.4973958333333333 0.7526041666666666 0.052083333333333336 0.06770833333333333
0 0.8020833333333334 0.8072916666666666 0.0625 0.09635416666666667
0 0.2734375 0.041666666666666664 0.049479166666666664 0.06510416666666667
0 0.8072916666666666 0.9791666666666666 0.059895833333333336 0.036458333333333336
0 0.6041666666666666 0.14583333333333334 0.0390625 0.078125
0 0.4557291666666667 0.15364583333333334 0.052083333333333336 0.07291666666666667
0 0.5520833333333334 0.18489583333333334 0.0546875 0.0703125
0 0.8776041666666666 0.296875 0.057291666666666664 0.0859375
0 0.3567708333333333 0.015625 0.059895833333333336 0.028645833333333332